0 15
0 1
0 3
0 11
1 8
1 0
1 15
1 3
1 11
2 13
2 7
2 6
2 5
2 28
3 0
3 29
4 10
4 8
4 32
4 26
4 33
5 13
5 28
5 7
5 6
6 13
6 28
6 7
6 2
6 5
7 13
7 28
7 6
7 2
7 5
8 4
8 10
8 26
8 33
8 32
9 4
9 10
9 33
9 7
9 30
10 4
10 8
10 26
10 33
10 32
11 16
11 15
11 19
11 29
11 17
12 21
12 14
12 17
12 29
12 27
13 7
13 6
13 2
13 28
13 5
14 17
14 30
14 31
14 33
14 27
15 16
15 0
15 29
15 11
15 17
16 15
16 20
16 11
17 12
17 29
17 21
17 14
17 18
18 21
18 17
18 29
19 4
19 30
19 0
19 1
19 3
20 16
20 28
21 14
21 18
21 29
21 27
21 17
22 24
22 23
22 31
23 24
23 31
23 22
23 25
23 34
24 22
24 23
24 19
24 34
24 25
25 24
25 22
25 23
26 4
26 33
26 10
26 8
26 32
28 13
28 7
28 1
28 6
28 2
29 0
29 15
29 3
29 11
29 17
30 33
30 8
30 9
30 14
30 19
